0.20836455
0.23566926
0.58684766
0.87143123
0.26317596
0.22773337
0.004399717
0.11408365
0.13646245
0.99352574
0.96361077
0.2310887
0.82971
0.82695043
0.9863177
0.73464006
0.29094487
0.34345412
0.59992313
0.18649787
0.4125197
0.18697739
0.32559234
0.08740163
0.8855229
0.16532809
0.2871065
0.8570583
0.5739545
0.8610307
0.21498358
0.7999417
0.24379557
0.024808705
0.9621687
0.13232136
0.09628558
0.23748118
0.45151317
0.17676294
0.9831758
0.4788596
0.8087716
0.05654472
0.49964875
0.06550813
0.69347596
0.25435805
0.38629854
0.49989176
0.9974104
0.36328775
0.056506574
0.8390227
0.9382803
0.14499813
0.28428233
0.35939044
0.5144188
0.5275095
0.5278782
0.32551277
0.5130196
0.595793
0.36703527
0.21128744
0.06554818
0.6411082
0.6405337
0.5664999
0.73393303
0.39366937
0.08286828
0.046009123
0.4822533
0.13756794
0.2745422
0.74758786
0.66142076
0.23226392
0.1929971
0.6480419
0.40744692
0.8923532
0.43701226
0.43862146
0.054039657
0.9233302
0.6060863
0.6830236
0.29237038
0.5079212
0.3605538
0.83826447
0.7079092
0.38310987
0.33380753
0.064780414
0.89736056
0.65569603
0.4839399
0.8223418
0.8572193
0.6532206
0.28045607
0.30839604
0.5566745
0.19207591
0.64763933
0.7915839
0.2070356
0.32596332
0.107988
0.66231126
0.44116753
0.39152265
0.5683388
0.541947
0.47135973
0.13555503
0.6024134
0.43061763
0.9325027
0.047007263
0.5442661
0.6394738
0.9974053
0.14964294
0.8082982
0.04612297
0.008701801
0.3765627
0.3870731
0.07169819
0.17131257
0.94955873
0.6951999
0.13542938
0.23323292
0.64442265
0.7762317
0.26888502
0.82102954
0.42312258
0.27318257
0.029180467
0.5384588
0.15619922
0.5883418
0.940938
0.75884604
0.31040853
0.88412416
0.9137957
0.49915802
0.8197816
0.26644439
0.55959433
0.9390758
0.44073355
0.8613541
0.095427334
0.20295799
0.7771128
0.96338016
0.73056674
0.445638
0.67823535
0.8722252
0.6525362
0.1419074
0.7067279
0.018427312
0.14658064
0.6697986
0.95375544
0.03654617
0.09039909
0.77304363
0.27291614
0.30789918
0.28979445
0.5900895
0.40234327
0.34837133
0.4790228
0.5256971
0.8545912
0.1480766
0.56087947
0.024430811
0.5485532
0.019464433
0.9553554
0.06940484
0.1254363
0.7227954
0.05207503
0.08874005
0.6858026
0.10982269
0.40134805
0.59869003
0.27661282
0.45820546
0.7528234
0.86681885
0.081415236
0.21396947
0.57133603
0.73959607
0.6742992
0.37366182
0.57912886
0.4730671
0.4055726
0.031291783
0.93537056
0.43774706
0.52655417
0.20040494
0.25157326
0.2725808
0.8302495
0.36452198
0.029547632
0.8488392
0.6974743
0.9786315
0.7119601
0.012448788
0.5733102
0.4625309
0.16004437
0.81985044
0.15134156
0.91875297
0.46484798
0.013570249
0.2732941
0.651921
0.894487
0.02288872
0.635435
0.5440848
0.9577744
0.37407386
0.47202104
0.88647914
0.8924384
0.18348116
0.117405474
0.51990277
0.8727574
0.34342647
0.6549979
0.184367
0.27620816
0.1312412
0.18159026
0.11775154
0.9917046
0.64057744
0.75370926
0.9199996
0.92385155
0.5932307
0.058369756
0.9640817
0.11964619
0.50999206
0.749228
0.59088105
0.7781376
0.74897015
0.21164566
0.57874
0.40224874
0.73618597
0.03318131
0.989238
0.50843096
0.57092947
0.44174737
0.2215324
0.25785404
0.6703798
0.47996014
0.6741111
0.63684636
0.8854678
0.27454776
0.73402256
0.059328914
0.5621512
0.763162
0.26163465
0.5456984
0.90657187
0.0022984743
0.38892686
0.6472982
0.13446945
0.3096081
0.3295567
0.62018293
0.71837455
0.11766988
0.24091065
0.7338747
0.39225513
0.42587686
0.6666196
0.14839178
0.8123208
0.03970748
0.110284746
0.2647857
0.11261606
0.5551487
0.18824339
0.50017464
0.32097793
0.9688946
0.12504983
0.8478398
0.32916713
0.32625812
0.08702409
0.537028
0.032871544
0.42823517
0.69692755
0.42696023
0.39335114
0.04219842
0.6898782
0.16710347
0.621362
0.5482497
0.91346586
0.4835565
0.87243414
0.5219312
0.053237915
0.45259303
0.77545655
0.43600225
0.5909996
0.18079066
0.62685734
0.7571976
0.5435173
0.70116216
0.08158827
0.031753242
0.6521932
0.031334996
0.8988855
0.6751364
0.52214515
0.5287658
0.57277304
0.7015603
0.06708729
0.86550796
0.13999873
0.40785962
0.7827767
0.9680972
0.83519006
0.4401245
0.32801765
0.10421312
0.60623384
0.8617434
0.5728682
0.3150819
0.4421143
0.9654069
0.31646758
0.5998949
0.4586873
0.052039266
0.8726186
0.5552451
0.27126074
0.17501706
0.46386373
0.5987641
0.22065234
0.62251407
0.10135311
0.89244366
0.9539852
0.40410048
0.30851704
0.6988371
0.963367
0.20517915
0.5747427
0.11436778
0.3034172
0.67543
0.90735847
0.030866921
0.5191112
0.79176986
0.8458256
0.27238268
0.07348448
0.6646318
0.07381314
0.27304012
0.35339695
0.08648783
0.52861524
0.42769343
0.81192106
0.41695338
0.08210248
0.5253463
0.46725297
0.88862103
0.32515073
0.02148068
0.88773406
0.94670784
0.3034584
0.5158194
0.84611505
0.91400784
0.7551665
0.76356936
0.99723655
0.7265047
0.2211802
0.08838922
0.5235889
0.10591203
0.5221259
0.80235577
0.582637
0.7306047
0.40915895
0.43086874
0.2863621
0.40872872
0.5401877
0.3381331
0.63330877
0.13521224
0.35243982
0.041643023
0.41079742
0.18204135
0.3937397
0.7726196
0.28224552
0.99824554
0.43858886
0.004915118
0.59224975
0.9179022
0.40445936
0.94940716
0.45884168
0.24210167
0.055074513
0.746902
0.40490568
0.6908107
0.540427
0.033212185
0.6140197
0.045159698
0.49057126
0.07916379
0.21295154
0.8177144
0.11764121
0.10022533
0.19485813
0.31124198
0.25703645
2.8854609E-4
0.44313616
0.5344602
0.61635244
0.56752014
0.11325902
0.2309798
0.5246078
0.42344213
0.5242995
0.10547346
0.9629562
0.17639476
0.92682314
0.07500726
0.59281415
0.7248355
0.6011984
0.6750463
0.31275195
0.36268508
0.8299875
0.26613212
0.709287
0.76694655
0.33796698
0.34146625
0.7096988
0.49650186
0.8396106
0.46611053
0.0911054
0.84037536
0.7408081
0.38931775
0.99636596
0.6545081
0.7515731
0.8823778
0.704104
0.78950065
0.9500194
0.3506428
5.993843E-4
0.29976726
0.5435965
0.25106555
0.21191591
0.43964273
0.37821501
0.5822462
0.3349929
0.48735684
0.9043638
0.9848597
0.51922154
0.32722914
0.40461373
0.34428293
0.11107582
0.9883562
0.4801582
0.7877333
0.5026157
0.6494968
0.07451916
0.94436866
0.4921965
0.030480921
0.24762124
0.6333122
0.84770435
0.29655474
0.8986281
0.37180257
0.2874037
0.19055098
0.14486182
0.3796093
0.3924845
0.8061694
0.8985592
0.9880966
0.7231967
0.34214282
0.7230321
0.45009
0.01475817
0.09042436
0.5030031
0.26285487
0.12083578
0.4611913
0.11661887
0.9495073
0.8952766
0.82344526
0.76315206
0.2481485
0.45397568
0.5229694
0.0730803
0.30267155
0.9385038
0.45066983
0.6265755
0.46988386
0.66470295
0.68578917
0.13109368
0.005297184
0.23933774
0.8826808
0.68546593
0.18126267
0.17563134
0.44993132
0.29155946
0.35829437
0.7468187
0.070411086
0.898186
0.471285
0.25152707
0.5047239
0.686642
0.120351195
0.69480366
0.8235671
0.272308
0.5503458
0.7360076
0.53235584
0.8195087
0.85837734
0.94477636
0.43040633
0.39284194
0.6453306
0.21717733
0.32392436
0.9210632
0.4013571
0.11741316
0.8645445
0.98110807
0.32821357
0.86063427
0.18137968
0.84985083
0.21038759
0.27721512
0.62325644
0.37771708
0.7750156
0.98910135
0.7284442
0.7474461
0.66615206
0.97846586
0.5317735
0.95737886
0.4060806
0.9850074
0.9342481
0.3540169
0.24480683
0.68096775
0.16936994
0.0037682056
0.59397954
0.24566227
0.3653363
0.487391
0.30423588
0.9004559
0.92556965
0.4994349
0.6419541
0.73024094
0.4248665
0.6938352
0.7348544
0.9712827
0.07859379
0.6187513
0.03366196
0.1036129
0.6122327
0.48988754
0.042617977
0.96791387
0.7032078
0.45115095
0.034089506
0.6041212
0.6420104
0.931969
0.5266227
0.15696889
0.6614178
0.62741745
0.081846654
0.5407386
0.59803677
0.4741314
0.08965528
0.33298713
0.40700227
0.073541224
0.054662764
0.7595957
0.16660064
0.20418221
0.8772817
0.52879435
0.84365714
0.07467067
0.4127515
0.51069945
0.39213282
0.58455986
0.37953722
0.8852899
0.016569018
0.19594038
0.42881656
0.89272696
0.32944983
0.7667151
0.8490084
0.91567105
0.98852104
0.37746787
0.19881976
0.45710385
0.4285205
0.39638782
0.8900739
0.0055550933
0.85417664
0.69756824
0.89423597
0.6121432
0.48088586
0.5820509
0.85629755
0.7531561
0.47997206
0.88124305
0.7643696
0.18384403
0.48127967
0.35992557
0.2564435
0.67261827
0.22209138
0.6202588
0.7264105
0.86201674
0.8136595
0.55635536
0.71431017
0.85880184
0.57128376
0.16663677
0.99125737
0.28872496
0.757772
0.42195964
0.15355581
0.44326586
0.40082353
0.46313518
0.06473833
0.23060143
0.43054187
0.7918689
0.78591585
0.058884084
0.25270224
0.28231162
0.6367117
0.6174183
0.9259856
0.8124779
0.16968745
0.07447767
0.8871806
0.46001136
0.32462865
0.22636044
0.59801775
0.46753502
0.075084984
0.061042666
0.14211774
0.32963592
0.9734939
0.44477195
0.14242911
0.23502004
0.14404517
0.80759656
0.001034081
0.8903026
0.23075956
0.8537158
0.377482
0.21114337
0.36428773
0.21736234
0.652653
0.07501578
0.4125415
0.34050697
0.3969813
0.94893485
0.19091439
0.58395463
0.23970586
0.72422516
0.25664628
0.070450306
0.07534379
0.07627118
0.74355507
0.07242763
0.9410741
0.515658
0.018250942
0.926333
0.7411024
0.48182535
0.88304716
0.7114892
0.008880198
0.15306681
0.5056772
0.95879436
0.20344663
0.48730296
0.1288591
0.8408822
0.39093047
0.57454365
0.07655549
0.9815134
0.2158137
0.9604637
0.31694847
0.75187796
0.6089484
0.8053095
0.31877303
0.69222707
0.8912092
0.76580995
0.6174683
0.20902312
0.63433045
0.3503948
0.12595505
0.603911
0.5458511
0.29845554
0.032714844
0.6477259
0.60569125
0.6993852
0.14382607
0.6300249
0.9408933
0.10157114
0.77793413
0.104963005
0.3662575
0.5984151
0.111653626
0.38354665
0.9163999
0.7289373
0.011082888
0.35933465
0.9642064
0.23384684
0.45207506
0.121587336
0.9674063
0.08151591
0.2223652
0.33188927
0.45533514
0.36758566
0.5729614
0.79570085
0.39881533
0.4205857
0.22034317
0.5305854
0.5749867
0.7657337
0.7365733
0.8525724
0.31404257
0.13987088
0.058645427
0.20895374
0.1049453
0.97029686
0.024116457
0.2705899
0.8417374
0.16522157
0.4357764
0.95346713
0.05105555
0.57791567
0.8779037
0.8148719
0.685572
0.54279166
0.07025206
0.6143222
0.06860703
0.71009845
0.93868405
0.64664847
0.29400402
0.37528944
0.30426794
0.85078084
0.9250656
0.2861942
0.4123004
0.23245847
0.6900806
0.77076024
0.72133017
0.074916184
0.17352188
0.043348193
0.9976882
0.96444935
0.27577043
0.8794937
0.8767562
0.24655157
0.62526685
0.986944
0.48733008
0.025135636
0.730969
0.41202998
0.33467996
0.7973778
0.65619177
0.10054076
0.5116324
0.808291
0.4642399
0.25487268
0.08117229
0.94367874
0.85925144
0.69607455
0.54029113
0.64222157
0.94051766
0.9303994
0.04031253
0.78478914
0.06401628
0.7430982
0.17656636
0.65248567
0.61041284
0.68359226
0.8585267
0.8783573
0.2843796
0.8800945
0.9844864
0.34819853
0.0964216
0.9205957
0.34223092
0.43367684
0.7267745
0.58140284
0.5743536
0.91937786
0.7532601
0.57273954
0.93479854
0.8707992
0.5937944
0.13005883
0.43852556
0.29235876
0.71270335
0.7145492
0.4010926
0.25583404
0.051899374
0.6298542
0.07729757
0.7061254
0.04772687
0.4253984
0.45128518
0.0417881
0.3969314
0.2791807
0.2838133
